10115209
10115344
10115600
10115614
10115763
1662006966.346434832
1662006973.947518349
1662007265.748258114
1662007273.150655270
1662007277.552628279
1662007284.955109358
1662007290.845942736
1662007315.553325176
1662026774.786187410
1662031994.133589506
1662032091.430348873
1662032104.930292130
1662032110.430149317
1662032122.731568813
1662032188.130367756
1662032287.829044104
1662032344.732739925
1662032700.626206636
1662032945.520472527
1662032968.823010921
1662274233.728620052
1662274250.527351856
1662274260.327638149
1662379850.023288012
1662379995.715566635
1662380001.618585825
1662380017.221190929
1662440668.164749146
1662440706.161434412
1662440732.837524652
1662440788.742110968
1662440804.743622780
1662441646.931653976
1662441658.733518362
1662441676.231997013
1662441762.934083462
1662441811.835299015
1662442487.829312801
1662442529.130764723
1662442562.628782511
1662442582.930363894
1697250868.267400980
1697250910.171918869
1697250928.375305891
1697251407.790662766
1697251427.190891266
1697251441.201341391
1697251489.406401396
1697261707.952558517
1697261711.048640728
1697261757.751595259
1697263197.005599976
1697263200.905650616
1697263210.404959202
1697263272.101595879
1697263279.505005836
1697263316.007688522
1697263320.205521107
1697263350.005103588
1697263370.203477621
1697263444.410393000
1697263459.828630686
1697263468.302212715
1697263504.213832617
1697263515.811951876
1697263523.912678242
1697263529.412299156
1697263533.106954098
1697263610.310624123
1697268193.580147028
1697268333.580423117
1697268342.610736370
1697268427.677427292
1697268439.491338253
1697268484.001417160
1697268491.284873724
1697268508.188579798
1697268510.293493271
1697268517.188438177
1697268541.686645508
20217356
20217437
2022596
2022771
2022866
2022893
2022974
2023040
2023149
2024256
2024378
2024418
2024607
2024648
202990
