1 0.486536 0.411250 0.035781 0.062315
1 0.429896 0.363884 0.037083 0.075565
1 0.178984 0.822500 0.143698 0.218222
1 0.269036 0.383056 0.037760 0.049074
1 0.404271 0.519120 0.066771 0.107870
1 0.069042 0.544907 0.089740 0.113889
1 0.049484 0.889065 0.096448 0.217056
1 0.309141 0.356667 0.026302 0.032407
1 0.272049 0.624028 0.099130 0.137870
1 0.663562 0.441301 0.029000 0.050361
0 0.664914 0.429310 0.012818 0.052750
1 0.482807 0.359167 0.029000 0.039574
1 0.204596 0.615653 0.092422 0.125935
1 0.207318 0.459213 0.051927 0.064722
