1 0.070969 0.259745 0.044479 0.032843
1 0.814073 0.189819 0.046531 0.077861
1 0.598177 0.281060 0.070521 0.116787
1 0.716229 0.309042 0.097146 0.133824
1 0.929091 0.780426 0.141651 0.422148
1 0.326857 0.114412 0.047901 0.041361
1 0.085604 0.673407 0.132625 0.244444
1 0.200604 0.428963 0.102625 0.151111
1 0.307479 0.366741 0.103875 0.142222
1 0.361229 0.464519 0.111375 0.195556
1 0.176229 0.678963 0.156375 0.277778
1 0.266854 0.814519 0.207625 0.340000
1 0.506143 0.388741 0.085536 0.154500
1 0.505109 0.665491 0.134813 0.335759
1 0.691240 0.615611 0.158073 0.360093
1 0.798677 0.510384 0.153969 0.232361
1 0.702245 0.169722 0.035583 0.035278
