1 0.705268 0.616218 0.157391 0.307787
1 0.496214 0.530454 0.101958 0.214111
1 0.409307 0.330940 0.080063 0.131380
1 0.261839 0.903935 0.194344 0.187352
1 0.111292 0.375347 0.071167 0.113139
1 0.377539 0.097944 0.023953 0.027981
1 0.163984 0.609528 0.325729 0.742093
1 0.497924 0.165491 0.045161 0.075426
1 0.559169 0.111963 0.062276 0.133815
1 0.469182 0.099185 0.028740 0.040148
1 0.323083 0.124125 0.033531 0.053528
1 0.148242 0.250042 0.045161 0.052306
1 0.081523 0.335806 0.056797 0.107056
1 0.066523 0.271301 0.034214 0.029194
