1 0.399042 0.330940 0.080063 0.126528
1 0.660107 0.468412 0.132755 0.236009
1 0.777807 0.880819 0.205292 0.228713
1 0.234466 0.372912 0.097172 0.132602
1 0.683714 0.259773 0.078698 0.098546
1 0.604333 0.289579 0.077323 0.111917
1 0.497240 0.559653 0.229927 0.695861
1 0.334716 0.639333 0.126599 0.336981
1 0.196828 0.632032 0.145073 0.271287
1 0.224544 0.227532 0.066380 0.080287
1 0.286130 0.140551 0.055427 0.045009
1 0.185198 0.197120 0.049271 0.043796
1 0.709372 0.160014 0.036953 0.042583
1 0.024096 0.295023 0.041057 0.042583
