1 0.290602 0.858477 0.164568 0.273380
1 0.381990 0.577301 0.085656 0.130694
1 0.481474 0.622264 0.078240 0.143880
1 0.602203 0.663028 0.105219 0.196648
1 0.750922 0.724778 0.140958 0.200241
1 0.286951 0.382912 0.039036 0.030491
1 0.449891 0.334546 0.045542 0.030500
1 0.310312 0.398685 0.031344 0.038907
1 0.350630 0.478375 0.058000 0.074343
1 0.467310 0.883051 0.132193 0.226620
1 0.677070 0.913630 0.159172 0.167870
1 0.883453 0.940606 0.174010 0.111509
1 0.559375 0.507755 0.058677 0.092324
1 0.665602 0.556315 0.083630 0.112704
1 0.377607 0.403440 0.033724 0.044361
