1 0.025122 0.295023 0.043109 0.049880
1 0.511951 0.302958 0.070484 0.121657
1 0.604333 0.292014 0.078698 0.116787
1 0.689531 0.270722 0.082115 0.105833
1 0.677896 0.534713 0.149177 0.278593
1 0.342927 0.135014 0.026688 0.024454
1 0.347034 0.111352 0.052693 0.040148
1 0.199909 0.192255 0.049953 0.036491
1 0.192724 0.234833 0.034219 0.031630
1 0.134557 0.217806 0.047906 0.043796
1 0.291945 0.147241 0.054745 0.036500
1 0.250203 0.195903 0.028740 0.029194
1 0.454128 0.099185 0.019161 0.027981
1 0.653945 0.085810 0.057484 0.049880
1 0.033281 0.459282 0.064323 0.132602
1 0.481159 0.707440 0.304516 0.585120
1 0.335060 0.644810 0.130016 0.328472
1 0.399383 0.330333 0.079380 0.127741
