1 0.607070 0.292014 0.092380 0.153287
1 0.490740 0.682523 0.127969 0.347935
1 0.346008 0.561477 0.130016 0.259120
1 0.410333 0.318773 0.078010 0.133824
1 0.935880 0.885685 0.123177 0.223852
1 0.220094 0.391157 0.084854 0.118000
1 0.291263 0.392375 0.098536 0.147194
1 0.166719 0.738486 0.173812 0.335769
1 0.041617 0.845542 0.083234 0.304139
1 0.615284 0.090671 0.067745 0.057176
1 0.687135 0.568773 0.145760 0.271287
1 0.806888 0.503079 0.138911 0.220194
1 0.704927 0.283495 0.091010 0.131380
1 0.509557 0.374130 0.082115 0.198296
1 0.494557 0.068139 0.047219 0.029204
1 0.172932 0.169116 0.065010 0.046231
1 0.349823 0.104028 0.049271 0.040148
