1 0.600227 0.280454 0.074589 0.113130
1 0.192383 0.171574 0.095120 0.092463
1 0.349089 0.116222 0.055427 0.047444
1 0.473630 0.077898 0.151229 0.087593
1 0.691924 0.618042 0.158078 0.355231
1 0.497924 0.851014 0.177922 0.290750
1 0.269708 0.821208 0.212823 0.347935
1 0.085286 0.683130 0.134125 0.239667
1 0.171167 0.694685 0.158073 0.289537
1 0.054492 0.430699 0.076641 0.121657
1 0.201961 0.430699 0.104703 0.148417
1 0.303581 0.370477 0.099911 0.132602
1 0.360727 0.467741 0.104714 0.188685
1 0.502029 0.522546 0.110859 0.229926
1 0.172878 0.208699 0.050641 0.047398
1 0.918430 0.483616 0.140286 0.237231
1 0.818180 0.551741 0.164234 0.261556
1 0.714164 0.306611 0.099911 0.133815
1 0.941792 0.821792 0.116417 0.346713
