1 0.323990 0.402838 0.064073 0.074343
0 0.936065 0.502963 0.013484 0.068333
1 0.615354 0.753560 0.128823 0.221824
1 0.366143 0.625861 0.089026 0.143889
1 0.274078 0.631259 0.096448 0.142685
1 0.141211 0.713389 0.119380 0.151074
1 0.296674 0.881255 0.156474 0.230213
1 0.170885 0.856074 0.143656 0.239815
1 0.039367 0.899241 0.076214 0.194241
1 0.248112 0.559315 0.078234 0.104315
0 0.866591 0.459194 0.017536 0.067148
1 0.461578 0.366866 0.065427 0.045565
1 0.375922 0.354875 0.066771 0.055157
1 0.015422 0.527537 0.018885 0.038370
0 0.014411 0.513148 0.008771 0.028778
1 0.106862 0.432329 0.038443 0.036806
1 0.455508 0.328764 0.033120 0.029435
1 0.191729 0.414981 0.053229 0.033648
0 0.770802 0.414319 0.015510 0.049157
1 0.652099 0.446694 0.026302 0.039574
1 0.771141 0.429907 0.026979 0.037167
0 0.656167 0.429796 0.013479 0.053926
1 0.489896 0.559306 0.068125 0.109167
1 0.484172 0.770343 0.114656 0.229019
1 0.574888 0.584495 0.078911 0.125898
1 0.774193 0.788329 0.149729 0.226620
1 0.791727 0.531134 0.064745 0.098324
1 0.683815 0.592889 0.099818 0.137889
