1 0.043076 0.559907 0.062047 0.098333
1 0.250471 0.383657 0.034401 0.040833
1 0.500781 0.346579 0.023510 0.029991
1 0.443018 0.349306 0.023516 0.028167
1 0.203609 0.611454 0.091698 0.119944
1 0.436615 0.398657 0.037083 0.051574
1 0.494635 0.841690 0.122083 0.278176
1 0.390417 0.568889 0.083646 0.137778
1 0.309479 0.372870 0.031042 0.035926
1 0.179323 0.817722 0.143021 0.215852
1 0.271711 0.622847 0.099807 0.145046
1 0.158411 0.451991 0.045885 0.055093
0 0.664922 0.343472 0.012135 0.046759
1 0.222135 0.411852 0.039792 0.063519
1 0.078135 0.586898 0.079562 0.111574
