1 0.481159 0.829722 0.112911 0.257907
1 0.659763 0.876560 0.145755 0.239657
1 0.909529 0.769505 0.141661 0.203157
1 0.695346 0.620477 0.100589 0.133824
1 0.317266 0.871088 0.138229 0.253046
1 0.231729 0.583375 0.086219 0.105843
1 0.421966 0.455639 0.047901 0.079074
1 0.558143 0.505519 0.062953 0.091241
1 0.481500 0.413667 0.034219 0.058389
1 0.594068 0.431917 0.047219 0.063259
1 0.519820 0.381426 0.030109 0.047444
1 0.220438 0.410014 0.040375 0.046231
1 0.050083 0.438111 0.037260 0.031537
1 0.338406 0.348213 0.021292 0.028389
1 0.443385 0.342958 0.021885 0.036806
1 0.480052 0.328241 0.015969 0.024185
1 0.546000 0.345588 0.029573 0.039954
