1 0.206284 0.602569 0.090266 0.119139
1 0.286974 0.583116 0.084792 0.128861
1 0.315010 0.832333 0.151812 0.257722
1 0.210383 0.750880 0.134026 0.177500
1 0.098922 0.755745 0.129927 0.177491
1 0.379974 0.611079 0.082063 0.141028
1 0.479128 0.873616 0.132661 0.252769
1 0.451784 0.488662 0.043839 0.058750
1 0.104495 0.441264 0.051458 0.031546
1 0.477076 0.619588 0.082057 0.158046
0 0.452794 0.472477 0.017536 0.055157
1 0.683625 0.588472 0.093063 0.127870
1 0.637393 0.797079 0.133432 0.250435
1 0.770398 0.773981 0.146422 0.213963
0 0.278784 0.470676 0.017536 0.063556
1 0.583109 0.528380 0.108052 0.185093
1 0.589896 0.525981 0.076667 0.131296
