1 0.481135 0.831495 0.118031 0.269787
1 0.489232 0.584491 0.073516 0.128296
1 0.371198 0.609681 0.092396 0.147491
0 0.203932 0.487977 0.015469 0.059972
1 0.206302 0.500556 0.035104 0.049074
1 0.677401 0.330926 0.038448 0.040741
1 0.371885 0.350681 0.050604 0.039565
1 0.583672 0.586296 0.077552 0.139074
1 0.567805 0.329120 0.048557 0.037130
1 0.546875 0.377037 0.075521 0.049074
1 0.828464 0.361435 0.051927 0.046759
1 0.755286 0.663056 0.198281 0.340556
1 0.140547 0.436389 0.054635 0.050370
1 0.633568 0.829074 0.136927 0.257778
1 0.503073 0.336870 0.052604 0.050407
1 0.295990 0.868667 0.157812 0.262593
