1 0.494503 0.573644 0.072536 0.132602
1 0.653945 0.855880 0.149182 0.268852
1 0.234122 0.580940 0.084172 0.108269
1 0.420940 0.489699 0.056797 0.083935
1 0.372352 0.436782 0.045849 0.060824
1 0.071943 0.548704 0.078698 0.114352
1 0.135924 0.462329 0.047901 0.058398
1 0.481159 0.396023 0.039005 0.076639
1 0.786016 0.530454 0.062958 0.099759
1 0.823654 0.400889 0.041057 0.052315
1 0.439758 0.382644 0.030109 0.052306
1 0.179380 0.474491 0.047219 0.055963
1 0.284419 0.397241 0.032849 0.047444
1 0.255339 0.394806 0.033531 0.047444
1 0.048604 0.441264 0.035490 0.031546
1 0.325656 0.359421 0.024438 0.032583
1 0.441352 0.332944 0.021380 0.025796
1 0.502445 0.325815 0.018328 0.031907
1 0.480680 0.342111 0.025203 0.023759
1 0.534518 0.333282 0.025203 0.031898
1 0.690878 0.309523 0.035505 0.025120
1 0.740516 0.325477 0.038562 0.031231
