1 0.504083 0.421574 0.099906 0.225056
1 0.343271 0.099796 0.034219 0.048667
1 0.285091 0.154486 0.034193 0.043898
1 0.501398 0.066926 0.023953 0.031630
1 0.269706 0.127778 0.039005 0.073000
1 0.552326 0.110745 0.036266 0.068120
1 0.458919 0.116218 0.034214 0.049880
1 0.633417 0.191648 0.058854 0.083944
1 0.503398 0.142375 0.043797 0.070565
1 0.415125 0.282884 0.060219 0.105843
1 0.318294 0.337634 0.088276 0.132602
1 0.331638 0.596144 0.147807 0.291972
1 0.739826 0.344931 0.119755 0.190991
1 0.626914 0.375343 0.101964 0.159370
