1 0.474729 0.594088 0.072844 0.125898
1 0.171898 0.487972 0.075536 0.076741
1 0.820055 0.866269 0.180755 0.257796
1 0.144245 0.876458 0.163219 0.239806
1 0.317581 0.835694 0.138943 0.247000
1 0.265987 0.645644 0.108589 0.149880
1 0.019625 0.467023 0.036667 0.030491
1 0.055109 0.439162 0.039031 0.031546
0 0.658521 0.463389 0.010115 0.070741
0 0.649078 0.441806 0.011469 0.058759
1 0.210341 0.605477 0.093078 0.103120
1 0.653451 0.846481 0.160547 0.299759
1 0.490581 0.872264 0.138266 0.250602
1 0.370865 0.606676 0.083635 0.127093
1 0.692242 0.616269 0.103193 0.143889
1 0.594458 0.629458 0.097771 0.163065
