1 0.770099 0.777329 0.145406 0.214343
1 0.636630 0.798056 0.131740 0.247963
1 0.203914 0.609968 0.093380 0.111972
1 0.290206 0.582810 0.091016 0.120065
1 0.784294 0.450278 0.048464 0.078333
1 0.477214 0.622861 0.078698 0.161833
1 0.319161 0.833750 0.146573 0.262315
1 0.591625 0.530417 0.079187 0.132315
1 0.478148 0.873954 0.133568 0.252093
1 0.583641 0.527630 0.107917 0.184648
1 0.378943 0.614565 0.082958 0.128296
1 0.398839 0.382546 0.062052 0.047963
0 0.233427 0.468079 0.012417 0.045213
1 0.685003 0.585056 0.098109 0.140796
