1 0.063982 0.440741 0.033120 0.026278
1 0.719221 0.669023 0.122078 0.160676
1 0.596133 0.621667 0.090380 0.142685
1 0.310904 0.416556 0.033714 0.047315
1 0.365318 0.404468 0.034896 0.035750
1 0.484172 0.604278 0.071490 0.127093
1 0.540492 0.362662 0.065422 0.053935
1 0.047458 0.561111 0.072167 0.081537
1 0.364456 0.457394 0.046536 0.070750
1 0.382328 0.591088 0.083635 0.122306
1 0.331070 0.757157 0.117359 0.200241
1 0.286953 0.385014 0.034302 0.045213
1 0.478102 0.825500 0.124099 0.253000
1 0.785995 0.516144 0.058677 0.092324
