0 0.937984 0.267653 0.008896 0.043787
1 0.937302 0.291375 0.028052 0.057176
1 0.632047 0.174009 0.057479 0.075426
1 0.499292 0.279843 0.069802 0.119222
1 0.643339 0.487269 0.125229 0.229926
1 0.575250 0.073032 0.028740 0.046231
1 0.485948 0.079116 0.025323 0.038935
1 0.534878 0.095537 0.032849 0.042574
1 0.227622 0.183130 0.046536 0.062037
1 0.269708 0.159407 0.033531 0.053537
1 0.207094 0.260380 0.062958 0.080296
1 0.168089 0.260384 0.049271 0.072991
1 0.041958 0.849190 0.083917 0.296843
1 0.452076 0.135685 0.034214 0.049870
1 0.512979 0.150282 0.042427 0.062046
1 0.066469 0.309648 0.125229 0.205593
1 0.050729 0.430088 0.073219 0.118009
1 0.221466 0.391157 0.083484 0.115574
1 0.290237 0.394806 0.100589 0.147204
1 0.168089 0.740306 0.176552 0.336981
1 0.349089 0.575468 0.140281 0.279806
