0 0.440156 0.460370 0.020625 0.073148
1 0.318914 0.831588 0.140964 0.257787
1 0.426154 0.389144 0.070818 0.049157
1 0.684276 0.583116 0.091635 0.138583
1 0.480497 0.874880 0.138130 0.240704
1 0.379292 0.611079 0.083427 0.126435
1 0.475000 0.618935 0.080729 0.159352
0 0.329349 0.482218 0.023281 0.077806
1 0.667539 0.327208 0.046724 0.030528
1 0.585034 0.335069 0.044953 0.031546
1 0.503711 0.336648 0.046724 0.032593
1 0.638125 0.794648 0.130625 0.240704
1 0.771440 0.773977 0.144339 0.218824
1 0.352010 0.352944 0.036667 0.033648
1 0.296120 0.371870 0.043177 0.027333
1 0.240229 0.376602 0.047313 0.028389
1 0.098924 0.749667 0.132661 0.194519
1 0.288341 0.579472 0.087526 0.116704
1 0.215174 0.752097 0.132661 0.184787
1 0.207648 0.595273 0.095734 0.138583
1 0.591958 0.529625 0.073854 0.143454
1 0.579651 0.518685 0.109417 0.204241
