1 0.448411 0.396333 0.037094 0.056352
1 0.585664 0.414324 0.044516 0.065944
1 0.533393 0.428111 0.045193 0.071944
1 0.471008 0.466477 0.047214 0.074343
1 0.256362 0.409407 0.043797 0.047444
1 0.048898 0.439690 0.032526 0.034694
1 0.288432 0.348741 0.026615 0.033648
1 0.315635 0.362412 0.021885 0.044157
1 0.452552 0.344537 0.023656 0.029444
1 0.503711 0.338227 0.023068 0.031546
1 0.551018 0.348208 0.030151 0.040991
1 0.528846 0.315093 0.017745 0.037852
1 0.741172 0.324032 0.040219 0.032602
1 0.234607 0.580991 0.087005 0.109111
1 0.388721 0.552810 0.078234 0.143880
1 0.475052 0.675111 0.086333 0.177463
1 0.643331 0.830389 0.135568 0.248204
1 0.728651 0.610968 0.249552 0.420861
1 0.563406 0.528829 0.067448 0.107917
1 0.110844 0.506648 0.063396 0.065944
1 0.087911 0.577389 0.070146 0.085130
