1 0.204917 0.600134 0.098469 0.119139
1 0.476393 0.617157 0.080693 0.158037
1 0.635724 0.797079 0.134031 0.245565
1 0.769755 0.775194 0.147708 0.230981
1 0.687010 0.586764 0.097104 0.126435
1 0.591276 0.527194 0.072490 0.133722
1 0.581711 0.529625 0.105297 0.201806
1 0.478445 0.871231 0.131297 0.248000
1 0.286974 0.581903 0.082062 0.116713
1 0.098240 0.754532 0.131292 0.184787
1 0.211753 0.747236 0.128557 0.194509
1 0.316380 0.829903 0.149073 0.252861
1 0.530622 0.340856 0.052047 0.026287
1 0.542451 0.319301 0.044953 0.031546
1 0.658076 0.330338 0.044359 0.022083
1 0.397846 0.352421 0.053818 0.026287
1 0.354372 0.351366 0.041401 0.036806
1 0.378607 0.612852 0.084797 0.127741
0 0.432898 0.459287 0.022255 0.067148
0 0.398164 0.456889 0.021578 0.067148
0 0.415698 0.473074 0.016187 0.065944
1 0.237635 0.416120 0.064729 0.057556
