1 0.379536 0.564042 0.075823 0.140806
1 0.564115 0.468750 0.091354 0.193981
1 0.172000 0.837222 0.157208 0.279481
1 0.268336 0.647046 0.104016 0.142889
1 0.224849 0.448630 0.042583 0.056778
1 0.672862 0.938282 0.157911 0.123435
1 0.186703 0.452306 0.037260 0.055722
1 0.035836 0.935139 0.071672 0.129722
1 0.114844 0.761431 0.123021 0.158769
1 0.246437 0.393426 0.031344 0.038907
1 0.481693 0.896060 0.183219 0.203843
1 0.309708 0.869755 0.144208 0.260491
1 0.482630 0.465718 0.047969 0.081065
1 0.427578 0.427019 0.045573 0.074407
1 0.222651 0.594222 0.093740 0.118259
1 0.097690 0.488565 0.055870 0.070278
