1 0.065836 0.272523 0.036953 0.034065
1 0.955039 0.643593 0.086224 0.243315
1 0.283393 0.122301 0.103328 0.081509
1 0.661818 0.080940 0.069115 0.049880
1 0.533508 0.075463 0.052005 0.043796
1 0.385013 0.133861 0.034214 0.048667
1 0.340190 0.225102 0.059536 0.080296
1 0.211883 0.450773 0.119068 0.164231
1 0.367563 0.497000 0.118385 0.210463
1 0.413755 0.310866 0.075271 0.127731
1 0.501687 0.276806 0.059531 0.098537
1 0.501003 0.434347 0.092380 0.204380
1 0.614599 0.286537 0.078698 0.127741
1 0.659763 0.486657 0.132068 0.277370
1 0.708005 0.319991 0.098542 0.126519
1 0.296052 0.842495 0.162865 0.307787
1 0.511609 0.888120 0.212135 0.218981
