1 0.052029 0.341449 0.069005 0.077065
1 0.351477 0.297417 0.055734 0.061333
0 0.631904 0.298199 0.016807 0.069194
0 0.647826 0.376833 0.020349 0.100648
1 0.891779 0.511458 0.165526 0.128176
1 0.965797 0.932005 0.066979 0.134991
1 0.934292 0.775718 0.116490 0.206213
1 0.919896 0.643801 0.133104 0.144102
1 0.884487 0.539898 0.082766 0.139556
1 0.874674 0.405657 0.079349 0.101630
1 0.973172 0.315782 0.053656 0.073565
1 0.793404 0.300616 0.069536 0.062954
1 0.725784 0.279759 0.043516 0.054611
1 0.040529 0.493213 0.077849 0.100648
1 0.052471 0.616667 0.098193 0.149407
1 0.096260 0.537245 0.086698 0.138398
