1 0.348466 0.509097 0.122078 0.127380
1 0.096346 0.530329 0.076078 0.132102
1 0.037964 0.491796 0.072542 0.105370
1 0.049904 0.343176 0.064578 0.081778
1 0.052560 0.613676 0.099964 0.163556
0 0.325911 0.510671 0.022115 0.099083
1 0.932323 0.773306 0.113229 0.206019
1 0.966380 0.929000 0.066344 0.136815
1 0.877917 0.539764 0.071656 0.138398
1 0.915956 0.635699 0.130036 0.135250
1 0.888091 0.506741 0.171620 0.125815
1 0.972130 0.312514 0.053073 0.073917
1 0.790781 0.297569 0.074313 0.069194
1 0.722664 0.281843 0.038922 0.059759
1 0.556354 0.425745 0.115000 0.105361
1 0.505047 0.261398 0.046000 0.081778
1 0.350237 0.295213 0.053078 0.070778
1 0.205156 0.456412 0.139771 0.128954
