1 0.046930 0.340694 0.068849 0.072870
0 0.316388 0.328042 0.011797 0.067398
1 0.313271 0.343949 0.045865 0.043120
1 0.347885 0.294796 0.055719 0.060574
1 0.037216 0.490065 0.074432 0.098426
1 0.095461 0.531556 0.077547 0.134704
1 0.050260 0.614532 0.100521 0.161861
1 0.964701 0.928949 0.070599 0.142102
1 0.934573 0.777329 0.113792 0.203176
1 0.916596 0.635463 0.130047 0.133111
1 0.880635 0.538259 0.077833 0.133111
1 0.888763 0.510671 0.171911 0.121731
1 0.972505 0.313630 0.054677 0.069185
1 0.792706 0.300935 0.072411 0.066556
1 0.723003 0.278602 0.043349 0.056926
0 0.861177 0.338153 0.014281 0.083194
1 0.626969 0.206218 0.017792 0.045009
