1 0.089021 0.524477 0.079875 0.139528
1 0.049083 0.602079 0.093802 0.141176
1 0.961292 0.928384 0.077417 0.143231
1 0.928617 0.766778 0.118880 0.194833
1 0.913526 0.628495 0.135135 0.132917
1 0.874286 0.525301 0.074302 0.124657
1 0.885198 0.500949 0.175073 0.128787
1 0.969651 0.306528 0.060698 0.075130
0 0.732419 0.235116 0.010682 0.047880
1 0.772354 0.289602 0.067333 0.061093
1 0.716398 0.273921 0.042724 0.057787
1 0.342802 0.286713 0.054333 0.063574
1 0.042813 0.332120 0.067333 0.076778
1 0.035846 0.481134 0.070120 0.095769
