1 0.048521 0.338819 0.066583 0.084343
1 0.093464 0.531162 0.081562 0.140565
1 0.036870 0.487514 0.071573 0.115398
1 0.972117 0.311838 0.055766 0.065917
1 0.881641 0.529625 0.076833 0.123213
1 0.721813 0.277417 0.039948 0.059185
1 0.913609 0.628491 0.134323 0.106981
1 0.929729 0.768486 0.113906 0.197843
1 0.966076 0.928421 0.067411 0.139083
1 0.049352 0.615495 0.098203 0.164231
1 0.888677 0.506750 0.167281 0.124278
1 0.346049 0.293690 0.052432 0.065102
0 0.555229 0.303718 0.018271 0.074509
1 0.790031 0.294171 0.072000 0.064954
