0 0.215242 0.367398 0.016807 0.084926
1 0.049638 0.343537 0.064484 0.080056
1 0.369492 0.287125 0.040943 0.065509
1 0.399177 0.261653 0.028656 0.050954
1 0.936536 0.781157 0.114635 0.216537
1 0.915552 0.635583 0.129990 0.132833
1 0.881773 0.532778 0.076766 0.131019
1 0.889966 0.509120 0.175026 0.127370
1 0.972870 0.311694 0.050156 0.085519
1 0.792216 0.299866 0.073693 0.069139
1 0.626615 0.274352 0.043687 0.068611
1 0.966224 0.931116 0.066979 0.137769
1 0.095695 0.535509 0.089047 0.140111
1 0.052198 0.614662 0.102354 0.152843
1 0.724151 0.278940 0.046062 0.052769
