1 0.930667 0.766741 0.128750 0.213333
1 0.496917 0.176741 0.041250 0.091111
1 0.341010 0.286046 0.057219 0.072667
1 0.873487 0.526042 0.076766 0.129194
1 0.886279 0.497843 0.169911 0.123741
1 0.715245 0.271861 0.042781 0.055722
1 0.033987 0.480019 0.067974 0.095741
1 0.049026 0.602528 0.098052 0.153389
1 0.088729 0.522296 0.080125 0.151111
1 0.967542 0.303407 0.062500 0.077778
1 0.458104 0.241185 0.031375 0.064444
1 0.041849 0.332315 0.068906 0.091111
1 0.908167 0.630074 0.141250 0.153333
1 0.773104 0.290074 0.073875 0.064444
