0 0.186906 0.523153 0.022583 0.133824
1 0.879083 0.538972 0.080750 0.143556
1 0.933484 0.774370 0.118385 0.200722
1 0.972729 0.314519 0.054542 0.071778
1 0.724430 0.277412 0.041057 0.055954
1 0.790807 0.295051 0.071167 0.064472
1 0.542063 0.190431 0.023948 0.037713
1 0.050380 0.615005 0.099927 0.161806
1 0.037510 0.489699 0.075021 0.096102
1 0.096237 0.534713 0.083484 0.142333
1 0.918089 0.635685 0.136865 0.132611
1 0.057573 0.342500 0.049958 0.066907
1 0.962466 0.927634 0.075068 0.144731
1 0.154745 0.391157 0.122490 0.079074
1 0.318292 0.317560 0.062271 0.077861
1 0.354904 0.295051 0.041057 0.062046
