1 0.964552 0.926944 0.068688 0.146111
1 0.050740 0.612824 0.097104 0.153093
0 0.169372 0.550120 0.022901 0.141685
1 0.083260 0.761028 0.099854 0.250815
1 0.036362 0.490681 0.072724 0.100972
1 0.724070 0.277333 0.042141 0.058630
1 0.098375 0.530579 0.078781 0.128657
1 0.047073 0.341681 0.064125 0.076509
1 0.349375 0.297685 0.060438 0.057000
1 0.509703 0.277329 0.036646 0.065139
1 0.972331 0.314787 0.054964 0.061889
1 0.790487 0.297685 0.074203 0.063519
1 0.890797 0.502889 0.168563 0.115630
1 0.879805 0.535468 0.076953 0.131917
1 0.915990 0.630741 0.131000 0.120519
1 0.932013 0.774056 0.113578 0.205204
