0 0.889583 0.320343 0.012354 0.054056
0 0.241695 0.326588 0.016026 0.071898
1 0.047508 0.337440 0.068672 0.074602
1 0.097104 0.532769 0.079354 0.139722
1 0.036445 0.488685 0.069432 0.100370
1 0.051326 0.613477 0.100714 0.149213
1 0.392021 0.295667 0.032750 0.071963
1 0.348784 0.297301 0.053724 0.062139
1 0.723000 0.278657 0.044156 0.056259
1 0.791995 0.297306 0.072490 0.060833
1 0.886560 0.343093 0.034224 0.039907
1 0.973544 0.312671 0.052911 0.065417
1 0.881594 0.536394 0.080219 0.132139
1 0.913789 0.629611 0.129151 0.119704
1 0.930716 0.774509 0.112964 0.200167
1 0.964750 0.930102 0.069177 0.139796
1 0.892081 0.509579 0.168161 0.117750
