1 0.933146 0.776366 0.118719 0.202287
1 0.964479 0.929560 0.071042 0.140880
0 0.671427 0.289815 0.010344 0.072685
1 0.097552 0.534139 0.075365 0.135741
1 0.046323 0.343231 0.063542 0.072685
1 0.037211 0.492106 0.073891 0.104213
1 0.050263 0.618208 0.099995 0.162009
1 0.349023 0.297694 0.055172 0.063926
1 0.430302 0.274926 0.034479 0.067426
1 0.586456 0.299444 0.046307 0.070926
1 0.722411 0.279736 0.042365 0.056046
1 0.791378 0.295940 0.073891 0.062176
1 0.971914 0.314769 0.054682 0.073556
1 0.881273 0.536769 0.077339 0.126981
1 0.915018 0.633972 0.130047 0.130481
1 0.890784 0.504014 0.174870 0.123472
