1 0.049638 0.615569 0.097234 0.151028
1 0.722617 0.635588 0.112589 0.191065
1 0.936536 0.781162 0.118698 0.220176
1 0.918112 0.632856 0.128964 0.123731
1 0.885359 0.537329 0.085979 0.136472
1 0.891500 0.505486 0.176052 0.131009
1 0.975430 0.316245 0.049130 0.072787
1 0.793240 0.299866 0.073698 0.072787
1 0.724151 0.278032 0.041969 0.058231
1 0.368471 0.283491 0.040943 0.061870
1 0.400711 0.264384 0.035828 0.060046
1 0.052708 0.343537 0.070625 0.083704
1 0.096208 0.532778 0.083927 0.149204
0 0.307276 0.628972 0.035240 0.156481
0 0.281299 0.330375 0.010859 0.079861
1 0.966437 0.932005 0.066552 0.134991
