1 0.974370 0.316259 0.051240 0.067426
1 0.965263 0.929824 0.068474 0.140352
0 0.900297 0.365005 0.013687 0.090028
0 0.941013 0.316343 0.013005 0.055963
1 0.049018 0.340671 0.072536 0.077861
1 0.095208 0.531671 0.080063 0.148417
1 0.037510 0.493958 0.075021 0.102194
1 0.049279 0.612694 0.097536 0.154130
1 0.348779 0.296556 0.055172 0.066556
1 0.724875 0.278162 0.043844 0.052546
1 0.624141 0.212046 0.020688 0.046407
1 0.792607 0.296556 0.073891 0.059556
1 0.933740 0.774704 0.115760 0.199667
1 0.915758 0.633273 0.128078 0.123472
1 0.881276 0.537380 0.076844 0.133111
1 0.892115 0.507167 0.168469 0.119981
1 0.940880 0.336403 0.039406 0.041157
