1 0.928156 0.765787 0.115010 0.192296
1 0.963594 0.925995 0.072740 0.148009
1 0.911049 0.627634 0.134255 0.130417
1 0.875625 0.525403 0.078333 0.129306
1 0.885263 0.498880 0.170964 0.135944
1 0.969518 0.304366 0.060964 0.069620
1 0.990948 0.325361 0.018031 0.069630
1 0.773049 0.289444 0.067141 0.066315
0 0.810333 0.273204 0.012844 0.063500
1 0.046367 0.602676 0.092641 0.145500
1 0.034674 0.481426 0.068651 0.094870
1 0.090888 0.522194 0.074953 0.135907
1 0.042320 0.330852 0.061161 0.073019
1 0.341977 0.287417 0.055464 0.061833
0 0.665201 0.261926 0.010370 0.040074
1 0.718060 0.270907 0.040422 0.054352
1 0.664164 0.287259 0.012953 0.028093
