1 0.873070 0.539653 0.059214 0.143157
1 0.973141 0.312273 0.048552 0.067380
1 0.791948 0.298588 0.069875 0.069472
1 0.504169 0.258588 0.043818 0.077898
1 0.520750 0.468069 0.050927 0.096843
0 0.523711 0.435435 0.016578 0.086315
0 0.935474 0.315718 0.008885 0.080731
1 0.050596 0.614389 0.093557 0.149481
1 0.037568 0.491227 0.069875 0.105269
1 0.049411 0.343852 0.069865 0.067370
1 0.349617 0.297537 0.059203 0.063167
1 0.097375 0.534389 0.080531 0.132630
1 0.725036 0.279639 0.042635 0.065259
1 0.967810 0.929148 0.063953 0.134741
1 0.936427 0.779662 0.119615 0.206324
1 0.916294 0.632287 0.131453 0.113685
