1 0.726141 0.281060 0.041740 0.060824
0 0.169464 0.545037 0.017781 0.136222
1 0.047307 0.339458 0.065010 0.072991
1 0.153375 0.371694 0.040375 0.096111
1 0.725799 0.372912 0.128651 0.093676
1 0.793544 0.298704 0.078016 0.064481
1 0.517083 0.252472 0.038323 0.062037
1 0.350456 0.296269 0.059536 0.064481
1 0.096578 0.531060 0.082802 0.139898
1 0.051073 0.613181 0.099906 0.148417
1 0.038411 0.490917 0.075958 0.103407
1 0.930063 0.773759 0.114281 0.206815
1 0.962570 0.928870 0.072536 0.139907
1 0.917063 0.632037 0.133437 0.127741
1 0.879768 0.534713 0.079380 0.135037
1 0.892427 0.511597 0.170396 0.122880
1 0.970677 0.312690 0.058646 0.077861
