1 0.735521 0.313949 0.032510 0.035676
1 0.049307 0.607296 0.093698 0.152519
1 0.034878 0.478551 0.066849 0.112898
1 0.085573 0.523111 0.076875 0.150537
1 0.041562 0.330986 0.066854 0.083194
1 0.339042 0.288403 0.051250 0.069324
0 0.735724 0.295037 0.012042 0.059222
0 0.734115 0.234384 0.012844 0.046380
1 0.715065 0.264630 0.036766 0.057444
1 0.774674 0.287412 0.060161 0.079231
1 0.886643 0.501329 0.172693 0.118843
1 0.969648 0.299292 0.060161 0.075269
1 0.911156 0.626111 0.134812 0.130722
1 0.871604 0.526083 0.075760 0.132704
1 0.961294 0.922227 0.070193 0.152509
1 0.927312 0.765750 0.115875 0.204019
