1 0.250094 0.324194 0.062250 0.069037
1 0.890859 0.507458 0.169562 0.128954
1 0.880320 0.534366 0.081099 0.131991
1 0.963706 0.927292 0.070818 0.140120
1 0.932292 0.773977 0.115365 0.203065
1 0.917443 0.630815 0.132500 0.129963
1 0.971857 0.312009 0.056286 0.077167
1 0.791513 0.294241 0.074818 0.070056
1 0.723263 0.280532 0.042266 0.054824
1 0.347182 0.296782 0.056542 0.060917
1 0.051885 0.614065 0.101146 0.151278
1 0.038495 0.492227 0.075385 0.108639
1 0.097318 0.531829 0.079958 0.139102
1 0.047346 0.338917 0.066818 0.070056
