1 0.722227 0.279639 0.042443 0.054741
1 0.348120 0.292954 0.054906 0.066574
1 0.050602 0.610319 0.100703 0.147954
1 0.034247 0.490472 0.068495 0.100611
1 0.094294 0.531162 0.078234 0.137602
1 0.045193 0.335120 0.064917 0.079889
0 0.653148 0.301829 0.019141 0.081380
1 0.929042 0.780468 0.111521 0.204176
1 0.965242 0.929440 0.067411 0.141120
1 0.879107 0.529685 0.076568 0.128722
1 0.912802 0.636208 0.125646 0.131676
1 0.889094 0.506009 0.166448 0.119852
1 0.971901 0.312185 0.055760 0.072500
1 0.788807 0.292213 0.072406 0.073981
