1 0.723115 0.714731 0.147125 0.300481
0 0.691635 0.492718 0.033531 0.141120
1 0.050781 0.611935 0.098542 0.155722
1 0.098000 0.531037 0.076646 0.142333
1 0.349826 0.296847 0.056109 0.065694
1 0.039148 0.491500 0.075276 0.099759
1 0.722430 0.277384 0.044484 0.058398
1 0.797362 0.296241 0.062953 0.074204
1 0.757331 0.306583 0.039005 0.070556
1 0.971516 0.311449 0.055427 0.070565
1 0.893849 0.510958 0.171073 0.116787
1 0.879477 0.530431 0.079380 0.116787
1 0.918826 0.633833 0.133443 0.126519
1 0.963346 0.929454 0.073307 0.136259
1 0.933195 0.781037 0.115651 0.206815
1 0.049758 0.340648 0.067745 0.070556
