1 0.970237 0.306565 0.059089 0.075463
1 0.772995 0.288069 0.072406 0.065102
1 0.716401 0.270315 0.039115 0.059185
1 0.342339 0.288616 0.056187 0.064398
1 0.501391 0.187065 0.016719 0.041278
1 0.041885 0.332366 0.064552 0.077602
1 0.088789 0.522245 0.075693 0.137046
1 0.034453 0.482620 0.066406 0.102370
1 0.047063 0.603981 0.094125 0.153556
1 0.926958 0.769667 0.112354 0.211574
1 0.962857 0.927981 0.074286 0.143519
1 0.874945 0.528500 0.078234 0.125759
1 0.911979 0.634287 0.129000 0.142037
1 0.884516 0.499644 0.170615 0.121324
