1 0.048120 0.346579 0.068792 0.069546
1 0.879820 0.536509 0.077328 0.131389
1 0.049685 0.613153 0.099370 0.153287
1 0.036682 0.490282 0.073365 0.102194
1 0.095604 0.532861 0.082802 0.136259
0 0.186042 0.378347 0.019479 0.097120
1 0.914128 0.633750 0.132193 0.128296
1 0.892206 0.507847 0.173339 0.123509
1 0.932674 0.778231 0.124776 0.218222
1 0.348591 0.298014 0.054630 0.073139
1 0.723930 0.280032 0.047214 0.063546
1 0.792385 0.296213 0.074865 0.071944
1 0.970891 0.313005 0.058219 0.079139
1 0.254167 0.379546 0.054635 0.104315
1 0.520240 0.653532 0.163219 0.326139
