1 0.960250 0.925463 0.077396 0.145000
1 0.766336 0.909931 0.130661 0.176065
1 0.929042 0.768630 0.118177 0.204185
1 0.911565 0.628810 0.133161 0.134639
1 0.873695 0.533380 0.074068 0.142037
1 0.885763 0.498611 0.171443 0.119852
1 0.970763 0.307009 0.058474 0.076944
1 0.771331 0.286296 0.069078 0.071019
1 0.715151 0.270019 0.039948 0.053259
1 0.488781 0.417231 0.126500 0.099130
1 0.344385 0.289250 0.055760 0.071019
1 0.090549 0.520801 0.075734 0.134639
1 0.040198 0.330681 0.064917 0.076935
1 0.032708 0.480116 0.063250 0.103565
1 0.049354 0.606616 0.094875 0.149435
