1 0.885266 0.497894 0.170177 0.122009
1 0.618036 0.184426 0.014938 0.038333
1 0.342435 0.287403 0.052578 0.062083
1 0.772888 0.289185 0.069036 0.067074
1 0.716698 0.269208 0.040135 0.055657
1 0.970328 0.309167 0.059344 0.068500
1 0.874833 0.523222 0.078667 0.118444
1 0.911555 0.627394 0.132849 0.132713
1 0.089982 0.523579 0.074255 0.136287
1 0.047500 0.605991 0.095000 0.158407
1 0.034596 0.479338 0.067828 0.096324
1 0.043073 0.332065 0.066896 0.072889
1 0.929083 0.766324 0.122500 0.191037
1 0.962930 0.927273 0.074141 0.142324
