1 0.048273 0.344898 0.062568 0.065111
1 0.973620 0.316074 0.051885 0.070648
1 0.879422 0.536856 0.080583 0.130176
1 0.917690 0.632032 0.132839 0.125602
1 0.933172 0.774917 0.116844 0.203667
1 0.965404 0.930176 0.068672 0.139648
1 0.889867 0.502250 0.170911 0.116648
1 0.718190 0.349648 0.129714 0.080037
1 0.792583 0.296069 0.070958 0.056972
1 0.723159 0.275718 0.045036 0.056972
1 0.599544 0.171273 0.023651 0.035269
1 0.400781 0.288606 0.039677 0.071898
1 0.347372 0.296069 0.053411 0.062398
1 0.096724 0.531412 0.080115 0.145139
1 0.037208 0.494111 0.074010 0.097667
1 0.050904 0.611444 0.098505 0.153278
0 0.609081 0.287931 0.013734 0.073250
