1 0.932979 0.776194 0.115937 0.200389
1 0.095435 0.533856 0.076526 0.140120
1 0.133414 0.361250 0.054255 0.083259
1 0.047745 0.339426 0.065677 0.082241
1 0.037180 0.491722 0.071964 0.100519
1 0.051143 0.611528 0.100005 0.151278
1 0.349583 0.297287 0.052542 0.067019
1 0.722521 0.277995 0.039979 0.054824
1 0.790484 0.296273 0.074250 0.069046
1 0.915846 0.339421 0.167339 0.173620
1 0.880435 0.536903 0.067964 0.129954
1 0.892430 0.508981 0.169620 0.108648
1 0.915557 0.636403 0.132500 0.131991
1 0.964167 0.928722 0.070771 0.142556
