1 0.039141 0.493324 0.075260 0.103407
1 0.684107 0.504269 0.099224 0.186130
1 0.050065 0.611935 0.099974 0.150852
1 0.049414 0.342468 0.064328 0.069343
1 0.233492 0.318745 0.064328 0.072991
1 0.350852 0.295023 0.055432 0.057176
1 0.725508 0.278602 0.047901 0.051093
1 0.790859 0.296245 0.078698 0.057176
1 0.973271 0.314491 0.053458 0.066907
1 0.758698 0.340634 0.110177 0.082750
1 0.891453 0.509745 0.174500 0.124083
1 0.916773 0.636875 0.132068 0.130176
1 0.880164 0.535903 0.076641 0.132602
1 0.966768 0.927630 0.066464 0.142333
1 0.933539 0.773736 0.110859 0.201954
1 0.097318 0.533468 0.078010 0.132602
