1 0.884224 0.529681 0.076375 0.123046
1 0.726701 0.279699 0.036620 0.053269
1 0.967172 0.932829 0.065656 0.131398
0 0.212385 0.340870 0.026250 0.076370
0 0.735057 0.317537 0.023865 0.084852
1 0.094844 0.533926 0.084729 0.144259
1 0.053076 0.612421 0.101432 0.156991
1 0.047708 0.346176 0.064438 0.086981
1 0.368115 0.285718 0.034604 0.059398
1 0.396156 0.262380 0.035802 0.046667
1 0.789951 0.299505 0.069214 0.070009
1 0.974745 0.314356 0.049781 0.082731
1 0.890786 0.510588 0.161094 0.131528
1 0.934937 0.772593 0.113365 0.197296
1 0.918831 0.630454 0.126495 0.129407
