1 0.967089 0.934940 0.065823 0.130120
1 0.095216 0.538375 0.086224 0.139898
1 0.052448 0.613801 0.100594 0.149639
1 0.934859 0.779856 0.113594 0.204380
1 0.884563 0.537157 0.075958 0.130167
1 0.051763 0.346162 0.067745 0.074213
1 0.918779 0.638134 0.130703 0.132602
1 0.893117 0.509176 0.168339 0.127741
1 0.956076 0.348593 0.083484 0.076648
1 0.793552 0.300537 0.074594 0.063259
1 0.726148 0.281074 0.045161 0.058389
1 0.369966 0.284116 0.037641 0.054750
1 0.399734 0.262218 0.031479 0.049880
1 0.426763 0.452000 0.211453 0.317519
