1 0.050674 0.344403 0.063943 0.078843
1 0.725922 0.281481 0.043844 0.054815
1 0.793729 0.298324 0.072448 0.060759
1 0.053255 0.615764 0.100042 0.152176
1 0.097089 0.533255 0.082510 0.130176
1 0.361633 0.664356 0.130984 0.253028
1 0.935417 0.782046 0.112625 0.201759
1 0.966810 0.931060 0.064453 0.134528
1 0.917448 0.627981 0.128177 0.116907
1 0.881039 0.532208 0.073193 0.111620
1 0.894599 0.511403 0.167187 0.125491
1 0.974234 0.315894 0.051531 0.070009
1 0.400539 0.265569 0.034901 0.051046
1 0.371482 0.283463 0.041609 0.058778
