1 0.053128 0.614065 0.097161 0.152130
1 0.094578 0.535630 0.087354 0.141037
1 0.370906 0.279699 0.039219 0.060213
1 0.967435 0.931116 0.065130 0.137769
0 0.929807 0.361310 0.012479 0.049120
0 0.832646 0.346255 0.016042 0.091917
0 0.513974 0.319319 0.015156 0.076065
1 0.972924 0.312977 0.054151 0.076065
1 0.893260 0.514236 0.171146 0.120435
1 0.885682 0.542755 0.077552 0.145787
1 0.919555 0.635458 0.129255 0.131528
1 0.933818 0.782838 0.113208 0.213935
1 0.911086 0.361310 0.089141 0.103009
1 0.794318 0.299509 0.073094 0.071315
1 0.726125 0.281282 0.043677 0.060213
1 0.400320 0.265435 0.030307 0.060222
1 0.050008 0.343875 0.071307 0.087157
