1 0.792826 0.299486 0.076016 0.062306
0 0.977185 0.348190 0.018266 0.050898
1 0.048219 0.346435 0.066635 0.063185
1 0.178036 0.393819 0.045906 0.108806
1 0.094617 0.533343 0.079474 0.138648
1 0.038346 0.489472 0.076505 0.100037
1 0.049674 0.613639 0.099266 0.155315
1 0.347839 0.296856 0.057750 0.062306
1 0.633883 0.272282 0.045411 0.086880
1 0.724953 0.277991 0.040969 0.054407
1 0.973909 0.309579 0.052182 0.063176
1 0.880685 0.536417 0.081943 0.132500
1 0.916719 0.627681 0.127354 0.116713
1 0.932760 0.774667 0.119948 0.201833
1 0.965094 0.929111 0.069104 0.138648
1 0.889818 0.505704 0.172271 0.109685
