1 0.049862 0.614468 0.098286 0.155694
1 0.034021 0.490222 0.068042 0.102222
1 0.070695 0.436755 0.056620 0.089639
1 0.095464 0.531116 0.081385 0.136824
1 0.200294 0.851153 0.202578 0.295657
1 0.879685 0.538977 0.075193 0.133676
1 0.723549 0.279491 0.040693 0.061333
1 0.917724 0.632551 0.128271 0.125806
1 0.932323 0.770162 0.116771 0.193435
1 0.964167 0.926639 0.069000 0.141537
1 0.730185 0.758366 0.250349 0.474954
1 0.791224 0.296000 0.069885 0.066056
1 0.972130 0.312514 0.053073 0.073917
1 0.892956 0.509880 0.167193 0.125815
1 0.348026 0.296000 0.053958 0.069204
1 0.456391 0.347898 0.060156 0.119519
1 0.050346 0.341606 0.065464 0.078639
