1 0.032945 0.770130 0.064328 0.158148
1 0.586549 0.076699 0.052005 0.072991
1 0.207099 0.024991 0.033531 0.042574
1 0.156120 0.057838 0.045167 0.052306
1 0.246107 0.064528 0.049953 0.063259
1 0.322065 0.045676 0.049953 0.064481
1 0.517091 0.025602 0.043109 0.048667
1 0.336451 0.411921 0.127474 0.217028
1 0.489891 0.465880 0.116010 0.200241
1 0.106797 0.198491 0.087677 0.152278
1 0.101367 0.660727 0.077630 0.163065
1 0.418734 0.132546 0.062052 0.094722
1 0.439081 0.034727 0.037641 0.057176
1 0.663565 0.460407 0.128818 0.215667
1 0.529346 0.190042 0.074870 0.111398
0 0.093958 0.631347 0.047708 0.231417
1 0.496221 0.082171 0.045161 0.083935
