1 0.441135 0.032292 0.040375 0.054750
1 0.508536 0.178884 0.067062 0.104620
1 0.646083 0.298718 0.094438 0.139898
1 0.494852 0.388130 0.099911 0.182481
1 0.362781 0.264046 0.082115 0.114352
1 0.423341 0.095551 0.054057 0.088806
1 0.510247 0.028579 0.039005 0.052435
1 0.569784 0.024931 0.036266 0.045139
1 0.091794 0.674019 0.058849 0.170315
1 0.256372 0.736051 0.173130 0.277343
1 0.504773 0.855602 0.188182 0.282870
1 0.033581 0.839468 0.067161 0.311435
1 0.031185 0.314532 0.062370 0.144769
1 0.034656 0.147861 0.069115 0.083944
1 0.125669 0.121102 0.067745 0.096111
1 0.157146 0.056014 0.044479 0.058398
1 0.262531 0.039593 0.044479 0.071778
1 0.317958 0.045676 0.043115 0.054741
1 0.225578 0.031685 0.033531 0.051093
0 0.093164 0.634481 0.047901 0.225056
