1 0.580391 0.046222 0.057479 0.085278
1 0.061221 0.172495 0.064672 0.085157
1 0.277182 0.033208 0.048750 0.063657
1 0.224982 0.043560 0.046161 0.050620
1 0.325716 0.040870 0.044005 0.051389
1 0.200477 0.110458 0.056307 0.073213
1 0.438370 0.063065 0.038479 0.059852
1 0.420734 0.141444 0.051302 0.096907
1 0.080042 0.249755 0.091385 0.142509
1 0.066076 0.784171 0.132151 0.299269
1 0.506510 0.301060 0.110625 0.245120
1 0.343779 0.360912 0.099401 0.188120
1 0.591484 0.144296 0.056115 0.096907
1 0.646794 0.256880 0.083370 0.122556
1 0.501701 0.762796 0.161932 0.290722
1 0.749404 0.851153 0.192391 0.296417
