1 0.612552 0.024356 0.052010 0.048713
0 0.907831 0.104676 0.013005 0.063259
1 0.511128 0.351449 0.096995 0.157657
1 0.380872 0.273847 0.088682 0.135491
1 0.525677 0.121120 0.056812 0.086222
1 0.601195 0.202407 0.074828 0.105926
1 0.422443 0.108801 0.055427 0.086213
1 0.559625 0.054606 0.047115 0.061583
1 0.509049 0.026273 0.034641 0.049269
1 0.279721 0.618727 0.146880 0.238954
1 0.141154 0.159301 0.074828 0.098528
1 0.329604 0.043523 0.049885 0.059120
1 0.063346 0.779250 0.126693 0.288315
1 0.030159 0.333995 0.060318 0.144769
1 0.078794 0.139958 0.069797 0.097324
1 0.024734 0.075481 0.046531 0.080296
1 0.228656 0.080347 0.046531 0.065694
0 0.950258 0.105894 0.013005 0.060824
1 0.676021 0.521421 0.133021 0.211861
1 0.788953 0.816139 0.333948 0.367722
1 0.695419 0.089093 0.072057 0.091148
1 0.806966 0.037773 0.054036 0.075546
