1 0.521581 0.212523 0.073057 0.110713
0 0.971880 0.085843 0.025146 0.095815
1 0.231102 0.083713 0.048026 0.087296
1 0.275474 0.047519 0.045510 0.061741
1 0.322776 0.041134 0.041917 0.061750
1 0.104755 0.134810 0.061198 0.100065
1 0.037148 0.143329 0.064672 0.083028
1 0.064682 0.785245 0.129365 0.293806
1 0.519125 0.046458 0.044427 0.046843
1 0.434693 0.041324 0.062396 0.082648
1 0.501820 0.106069 0.052693 0.076639
1 0.407810 0.136940 0.061078 0.091546
1 0.598227 0.136940 0.058682 0.091546
1 0.484456 0.444593 0.111380 0.191611
1 0.924576 0.178458 0.071859 0.106454
1 0.643737 0.359431 0.104193 0.166065
1 0.701943 0.720056 0.165479 0.292778
