1 0.031456 0.142986 0.062911 0.108269
1 0.507208 0.708597 0.156885 0.276787
1 0.666490 0.462690 0.125750 0.210787
1 0.496430 0.310463 0.094609 0.136259
1 0.607211 0.110329 0.055089 0.080898
1 0.514393 0.173134 0.063474 0.095806
1 0.352120 0.214653 0.134135 0.323620
1 0.450922 0.028356 0.039521 0.053231
1 0.574276 0.017907 0.034729 0.035815
1 0.258107 0.719241 0.183234 0.272519
1 0.064034 0.787375 0.125870 0.306583
1 0.058706 0.231685 0.086224 0.132000
1 0.121581 0.133745 0.061078 0.093676
1 0.228169 0.110329 0.063474 0.085157
1 0.328167 0.042199 0.050302 0.055361
1 0.191641 0.030486 0.040719 0.048972
1 0.511247 0.063454 0.057047 0.110037
