1 0.178380 0.038301 0.039427 0.051083
1 0.716346 0.740454 0.175995 0.316704
1 0.489898 0.435199 0.109484 0.202231
1 0.618690 0.171917 0.066536 0.103019
1 0.511372 0.234875 0.075120 0.106843
1 0.508154 0.093699 0.055807 0.122102
1 0.584349 0.042185 0.049365 0.064870
1 0.436250 0.053634 0.053656 0.064861
1 0.302107 0.383690 0.214630 0.511306
1 0.066273 0.790056 0.132547 0.316704
1 0.077818 0.250139 0.096583 0.175519
1 0.252888 0.062056 0.049453 0.070093
1 0.324391 0.040676 0.036083 0.046333
1 0.025237 0.083981 0.049339 0.085167
1 0.125833 0.150894 0.064396 0.085157
