1 0.499156 0.054782 0.044479 0.053528
1 0.479641 0.480231 0.130083 0.242667
1 0.639042 0.358903 0.102604 0.166120
1 0.360547 0.337727 0.100771 0.172639
1 0.392156 0.179755 0.066875 0.104231
1 0.600565 0.184639 0.071453 0.114000
1 0.517659 0.102394 0.054047 0.092824
1 0.234128 0.766051 0.190547 0.335491
1 0.069885 0.748125 0.139771 0.280139
1 0.074268 0.247338 0.088859 0.128657
1 0.020417 0.176491 0.040833 0.091204
1 0.094422 0.156134 0.068708 0.073287
1 0.322987 0.045389 0.042141 0.057000
1 0.231839 0.086921 0.050385 0.078176
1 0.441164 0.033176 0.040307 0.065148
1 0.579495 0.070634 0.045802 0.068398
0 0.967922 0.091806 0.016490 0.081426
0 0.828031 0.034213 0.013604 0.051519
1 0.023904 0.083375 0.045161 0.069343
