1 0.179380 0.145060 0.067302 0.083046
1 0.093078 0.144356 0.070469 0.078824
1 0.023630 0.086292 0.046531 0.068120
1 0.227279 0.062014 0.045922 0.083046
1 0.278352 0.028935 0.038797 0.050667
1 0.324273 0.041606 0.041964 0.056306
1 0.664336 0.490620 0.125099 0.208315
1 0.486979 0.394204 0.102927 0.175944
1 0.360297 0.317491 0.090260 0.149204
0 0.984641 0.060778 0.013365 0.067204
0 0.950086 0.076056 0.011453 0.078741
0 0.963641 0.118481 0.011833 0.046833
1 0.502815 0.742579 0.183693 0.335009
1 0.612078 0.214032 0.074427 0.111194
1 0.499648 0.157023 0.061755 0.092898
1 0.600596 0.117616 0.059380 0.081639
1 0.785477 0.051458 0.052255 0.070380
1 0.511128 0.072569 0.046714 0.067565
1 0.570909 0.043713 0.039589 0.049259
1 0.445018 0.025417 0.039589 0.049259
1 0.502826 0.026824 0.034818 0.052074
1 0.064552 0.786917 0.129104 0.288556
1 0.097828 0.231625 0.084719 0.123861
