1 0.250797 0.728472 0.184802 0.300963
1 0.165349 0.951380 0.212135 0.092463
1 0.058258 0.296875 0.115651 0.102194
1 0.083234 0.225708 0.154656 0.093676
1 0.160219 0.141157 0.127969 0.092463
1 0.321708 0.041403 0.044469 0.068120
1 0.902352 0.193468 0.132755 0.116787
1 0.947445 0.122787 0.052005 0.063259
1 0.463638 0.934227 0.217609 0.128954
0 0.561719 0.434106 0.048562 0.206231
1 0.725271 0.167917 0.198979 0.153481
0 0.132763 0.495856 0.041818 0.183454
0 0.441328 0.450894 0.039792 0.170269
0 0.424130 0.434708 0.024281 0.183454
0 0.797107 0.883144 0.074193 0.178657
0 0.062958 0.418519 0.037094 0.129500
1 0.064305 0.449694 0.078911 0.136685
1 0.716174 0.767440 0.180755 0.299769
1 0.482471 0.714083 0.167943 0.320148
