0 0.337727 0.435000 0.042443 0.182463
1 0.321372 0.043227 0.050641 0.071769
0 0.798776 0.885102 0.062667 0.182463
0 0.023117 0.497574 0.040870 0.169537
0 0.325927 0.451556 0.045604 0.167926
0 0.449549 0.440250 0.043599 0.200222
1 0.459086 0.930843 0.224339 0.138315
1 0.888240 0.110046 0.121708 0.082352
1 0.618031 0.176250 0.168031 0.101722
1 0.381883 0.227111 0.175297 0.125944
1 0.651185 0.240838 0.181651 0.121102
1 0.250185 0.728472 0.180745 0.301944
1 0.480883 0.710713 0.168026 0.318093
1 0.714763 0.766421 0.179839 0.297102
1 0.164667 0.953204 0.220344 0.091241
