1 0.717724 0.764171 0.187865 0.297398
1 0.510617 0.143921 0.133318 0.103380
1 0.838495 0.166986 0.155656 0.098602
1 0.851021 0.433370 0.082302 0.084296
1 0.319633 0.040551 0.044734 0.071565
0 0.203784 0.167792 0.016995 0.068361
0 0.801370 0.876292 0.052781 0.174935
0 0.988109 0.070977 0.013000 0.069343
0 0.955010 0.058699 0.013427 0.047343
0 0.939672 0.045630 0.010437 0.037111
1 0.953839 0.086537 0.029406 0.037870
1 0.252987 0.726801 0.178026 0.286269
1 0.480211 0.709301 0.163714 0.327620
1 0.164870 0.954051 0.211125 0.091898
1 0.203974 0.206875 0.036083 0.058213
1 0.460529 0.930991 0.220964 0.138019
