0 0.715711 0.356023 0.027547 0.132009
0 0.094156 0.459282 0.049104 0.163935
0 0.174396 0.366667 0.027542 0.140519
1 0.704333 0.069662 0.043115 0.044713
1 0.646250 0.061144 0.039521 0.040454
1 0.543255 0.077116 0.037125 0.055361
1 0.486370 0.078181 0.040719 0.048972
1 0.315714 0.044111 0.046708 0.070259
1 0.710922 0.379440 0.082635 0.114972
1 0.963018 0.413505 0.069464 0.106454
1 0.098346 0.502931 0.091016 0.106454
1 0.248049 0.724352 0.177245 0.289556
1 0.480982 0.711579 0.166464 0.319361
1 0.713917 0.771190 0.172458 0.310843
1 0.461820 0.931370 0.221557 0.137259
1 0.161221 0.947903 0.219161 0.097935
1 0.796549 0.343250 0.088620 0.097944
1 0.181581 0.399671 0.089818 0.100065
1 0.018828 0.127583 0.032865 0.041167
0 0.832995 0.037333 0.014542 0.067611
0 0.779302 0.062861 0.013052 0.055019
0 0.752643 0.054569 0.008203 0.053028
1 0.747047 0.071472 0.031323 0.045741
1 0.778742 0.077773 0.035797 0.046398
0 0.568818 0.049602 0.013427 0.052370
0 0.704914 0.042644 0.014911 0.043750
0 0.485773 0.049435 0.017964 0.063870
0 0.648646 0.041986 0.015573 0.048972
0 0.797148 0.870194 0.051495 0.185222
0 0.795354 0.312375 0.031135 0.112843
0 0.974393 0.371991 0.025151 0.134130
0 0.783977 0.432671 0.046703 0.191620
