0 0.829656 0.382125 0.024521 0.145324
0 0.928203 0.422486 0.018167 0.171157
0 0.922299 0.378894 0.020891 0.125954
0 0.457721 0.044653 0.010901 0.051676
0 0.488151 0.059991 0.013625 0.053278
0 0.801956 0.881060 0.054495 0.180843
1 0.289240 0.425718 0.088104 0.132398
1 0.219758 0.370009 0.081745 0.082352
1 0.337378 0.102778 0.040870 0.041981
1 0.456815 0.068065 0.036328 0.050056
1 0.488604 0.089866 0.047229 0.045213
1 0.570682 0.124167 0.056292 0.070259
1 0.897031 0.107134 0.119760 0.095806
1 0.134096 0.219977 0.153411 0.112843
1 0.483258 0.713921 0.166464 0.325750
1 0.712599 0.766083 0.170062 0.289556
1 0.249133 0.723500 0.184443 0.285296
1 0.461701 0.930944 0.216766 0.138111
1 0.542539 0.367949 0.088620 0.110713
1 0.820982 0.413718 0.068266 0.108583
1 0.159245 0.951310 0.227667 0.093676
1 0.965833 0.098620 0.061198 0.074519
1 0.385591 0.094361 0.040839 0.048963
0 0.008339 0.355185 0.014469 0.123519
1 0.036539 0.295560 0.073078 0.110713
1 0.317391 0.044324 0.045510 0.068130
1 0.213138 0.114588 0.050422 0.046843
0 0.214755 0.335296 0.031802 0.132407
0 0.288786 0.393426 0.023615 0.142093
0 0.544922 0.332875 0.027240 0.137250
0 0.672539 0.449130 0.051797 0.192148
